forcing_file=BMI
surface_partitioning_scheme=Schaake
soil_params.depth=2.0[m]
soil_params.b=8.93396282196045[]
soil_params.satdk=3.19069084890877e-05[m s-1]
soil_params.satpsi=3.98730560956446[m]
soil_params.slop=0.057029859113015[m/m]
soil_params.smcmax=0.401686143900526[m/m]
soil_params.wltsmc=0.048334490431746[m/m]
soil_params.expon=1.0[]
soil_params.expon_secondary=1.0[]
refkdt=3.72730851635058
max_gw_storage=0.016[m]
Cgw=0.0018[m h-1]
expon=6.0[]
gw_storage=0.05[m/m]
alpha_fc=0.33
soil_storage=0.05[m/m]
K_nash=0.03[]
K_lf=0.01[]
nash_storage=0.0,0.0
num_timesteps=1
verbosity=1
DEBUG=0
giuh_ordinates=1.00,0.00


